1248
672
2272
1464
2960
6440
1360
1912
3360
1664
2480
1584
6048
552
2664
1544
616
2032
312
7752
2072
944
1736
2136
3216
1552
5496
4368
2784
2160
672
1472
4496
6016
1472
1000
968
3280
512
632
304
2792
672
1016
1464
4480
240
7744
952
1000
1080
2560
2088
1280
3912
4832
1448
4592
2888
2792
3400
4352
4088
2880
808
2424
528
1608
1872
328
1040
400
1256
1776
352
5736
408
3040
2728
472
2136
3704
1288
2328
520
944
536
392
3080
3552
3128
4136
328
5160
2008
3768
1744
208
7368
7744
768
848
2784
3984
1488
896
3232
1488
2200
3088
1128
576
1208
456
2888
2792
3400
4352
4088
2880
808
2424
528
1608
1872
328
1040
400
1256
1776
352
5736
408
3040
2728
472
2136
3704
1288
2328
520
944
536
392
3080
3552
3128
4136
328
5160
2008
3768
1744
208
7368
7744
768
848
2784
3984
1488
896
3232
1488
2200
3088
1128
576
1208
456
2888
2792
3400
4352
2576
3744
888
1008
600
2576
2608
504
5448
1232
7488
1264
952
3136
5008
424
4496
7240
6400
4064
648
4424
1656
2320
7000
2600
904
552
1320
3360
7824
2712
3752
3088
1272
3104
360
4408
2000
928
3856
4024
280
7136
904
2056
872
2032
1008
896
1872
6208
1312
752
1192
2544
512
2776
1944
616
6040
1472
2432
2104
1784
4744
592
1032
1088
2392
1880
7032
4032
1624
2912
3416
3680
1456
5496
448
2472
3888
2592
8712
7712
1640
6568
5064
2232
4992
7400
544
568
248
664
1264
1752
784
304
968
4696
712
2856
1568
1672
488
408
1008
5032
3824
4480
5928
3344
7208
1592
5776
1000
3024
696
6192
6872
6184
4960
2984
1920
2992
688
712
304
4400
3960
448
1216
912
4992
2184
3336
1448
3184
5360
1680
1296
4416
4632
2992
1008
624
1352
1104
3080
3320
1008
4152
3488
248
2688
8536
4456
5896
4648
1272
864
3240
4304
5776
808
5568
1464
1752
1376
920
4072
1352
7640
352
3456
2216
5088
1544
1296
248
600
328
3760
536
2968
1008
3576
1744
2896
1192
2208
1432
1376
1200
1792
5808
1024
2768
1424
3096
2952
4304
4480
1624
5896
3136
2256
6496
632
208
1480
384
432
824
208
2544
3320
2272
3224
5640
1400
6744
344
1040
672
1136
328
1784
5840
288
536
3752
2568
2656
1040
1040
936
944
5816
1200
2728
1200
2904
544
864
1360
424
352
3176
720
2088
560
1152
3328



