4088
2880
808
2424
528
1608
1872
328
1040
400
1256
1776
352
5736
408
3040
2728
472
2136
3704
1288
2328
520
944
536
392
3080
3552
3128
4136
328
5160
2008
3768
1744
208
7368
7744
768
848
2784
3984
1488
896
3232
1488
2200
3088
1128
576
1208
456
2888
2792
3400
4352
2576
3744
888
1008
600
2576
2608
504
5448
1232
7488
1264
952
3136
5008
424
4496
7240
6400
4064
648
4424
1656
2320
7000
2600
904
552
1320
3360
7824
2712
3752
3088
1272
3104
360
4408
2000
928
3856
4024
280
7136
904
2056
872
2032
1008
896
1872
6208
1312
752
1192
2544
512
2776
1944
